1 38.838968 105.7201544
2 38.84870420096 105.71938682297
3 38.8520167 105.7191653
4 38.854270761077 105.71892594512
5 38.8562526 105.7188044
6 38.8464276 105.7195636
7 38.8355347 105.7204455
8 38.862001 105.7183173
9 38.8411478012897 105.719999037135
10 38.843961302072 105.719746042292
11 38.8322908 105.7206857
12 38.8507837 105.6897909
13 38.8473699209865 105.663865183319
14 38.8497103243499 105.673725090059
15 38.8507774144909 105.683515907188
16 38.8385664 105.7119489
17 38.8387547 105.7155551
18 38.8392209 105.7255749
19 38.8379045 105.6981315
20 38.8382498 105.705115
21 38.8374453 105.6891193
22 38.8631816 105.6404813
23 38.8652449 105.6338791
24 38.863114 105.6404904
25 38.8576063 105.6602493
26 38.8612827 105.6594438
27 38.8525354 105.635401
28 38.8616427 105.6193686
29 38.87122 105.6065623
30 38.869635 105.6805735
31 38.85962 105.6814326
32 38.8697046 105.6778952
33 38.8592077 105.676693
34 38.7123102 105.6619589
35 38.7528378 105.6800228
36 38.7105389 105.6621203
37 38.7212208584854 105.662859902214
38 38.7503489 105.6792704
39 38.7355884354841 105.670565985126
40 38.712598 105.6498025
41 38.7123867 105.6568409
42 38.7535498914351 105.545123990567
43 38.7522504 105.5460028
44 38.717405 105.5419709
45 38.7451082590117 105.53863576778
46 38.7399880548357 105.539543809395
47 38.7056653101008 105.605039792982
48 38.8096208076055 105.715237203349
49 38.7816777851638 105.697361088484
50 38.7854777787159 105.700876743355
51 38.798744703644 105.706876555173
52 38.7364788872105 105.685252013131
53 38.7507718306312 105.688011010463
54 38.7655665535134 105.694498330695
55 38.7609757 105.6638884
56 38.7095062 105.6217325
57 38.7409247 105.6340311
58 38.7187638 105.6237677
59 38.7359027991442 105.627576333306
60 38.7433993 105.6377555
61 38.7252779 105.625188
62 38.7342833669519 105.627168583415
63 38.8479573 105.7044532
64 38.8479495 105.7043316
65 38.8488738 105.7231588
66 38.8483001 105.7111596
67 38.8488708 105.7231055
68 38.8521033 105.7216097
69 38.8552689 105.7037617
70 38.8369789 105.6453054
71 38.8445927 105.6454899
72 38.8340798 105.6455108
73 38.8445415510957 105.645430760157
74 38.8432047 105.6450726
75 38.8295103 105.6459329
76 38.8317278 105.6457328
77 38.8371557 105.649285
78 38.8373492 105.6529986
79 38.8365277 105.639512
80 38.844116 105.6493461
81 38.8342806 105.6495467
82 38.8567677 105.6515387
83 38.8438021 105.6524677
84 38.8344659 105.6532297
85 38.8528570878247 105.651745263057
86 38.8458564 105.6523135
87 38.8298806 105.6536002
88 38.8240389 105.6542466
89 38.8394848 105.6603165
90 38.8422337 105.6601781
91 38.8368844 105.6667513
92 38.8550459 105.6990011
93 38.8476978 105.699577
94 38.8511964 105.6992825
95 38.8614728 105.6984227
96 38.8380732 105.6712826
97 38.83543 105.6671283
98 38.8380838 105.6712264
99 38.840955 105.665798
100 38.8382892931023 105.670767004832
101 38.8471546 105.6885971
102 38.8384851 105.6732755
103 38.8391786 105.6766477
104 38.8408952633141 105.679820131578
105 38.8616365 105.6924662
106 38.8475704 105.6973441
107 38.8467232 105.7250288
108 38.8466491 105.7232984
109 38.8353358 105.7158278
110 38.8553409886711 105.636516834924
111 38.8574579 105.6587238
112 38.8579067 105.6624542
113 38.8565377 105.6491338
114 38.8696919 105.713717
115 38.7833898 105.6839009
116 38.7923684930748 105.672679524343
117 38.8320693 105.7161711
118 38.8246879 105.7166762
119 38.8286976 105.7163608
120 38.8529584 105.7107224
121 38.8513951991744 105.704162569364
122 38.8434909335735 105.711541723591
123 38.8244634 105.7131337
124 38.8285364 105.7127311
125 38.8319146 105.7124583
126 38.8358082 105.7258159
127 38.8413667 105.7254179
128 38.8442196 105.7252111
129 38.8325565 105.7258661
130 38.8324816 105.6613177
131 38.8255112 105.6626386
132 38.8327821 105.698525
133 38.8278669 105.6989559
134 38.8427765 105.6977378
135 38.8338653454965 105.642219812306
136 38.8336142 105.6399973
137 38.8348178 105.6604893
138 38.8324505 105.6907623
139 38.8318522 105.6908704
140 38.8422854 105.688547
141 38.8382827 105.6890312
142 38.8274985 105.6910653
143 38.8333965 105.6656001
144 38.8626756 105.6354364
145 38.7916678 105.6872981
146 38.8191493 105.72407
147 38.812041 105.7077488
148 38.8130305 105.7098764
149 38.8028481 105.6952234
150 38.8187552 105.7067115
151 38.8282489 105.7059115
152 38.8281747 105.7059178
153 38.8223858 105.706398
154 38.8336934 105.705476
155 38.8612839 105.7034952
156 38.8431691 105.7047218
157 38.8245908 105.7062203
158 38.8674248 105.6247656
159 38.817512 105.6082355
160 38.8174021 105.6225714
161 38.8283575 105.6226917
162 38.8125288 105.6082264
163 38.816088 105.6225814
164 38.8228172 105.6226283
165 38.8387969 105.6228081
166 38.7115034 105.5658386
167 38.7090011 105.5661139
168 38.7115553 105.5672801
169 38.7089054 105.5675863
170 38.7118861 105.5781807
171 38.7082215 105.5785723
172 38.7119054 105.5781786
173 38.7114743 105.564382
174 38.7122406 105.589692
175 38.7118287 105.5757317
176 38.7120004 105.5813535
177 38.7190519 105.5640465
178 38.7188713 105.5592595
179 38.7222779 105.5585512
180 38.7259345 105.5584397
181 38.7222553 105.5585531
182 38.7183928 105.5640838
183 38.7173849 105.545123
184 38.7183594 105.5606116
185 38.717826 105.5524887
186 38.7183291 105.5591463
187 38.719888253538 105.538570925873
188 38.7201019 105.5523857
189 38.8611804 105.65821
190 38.8611738 105.6581296
191 38.8615122 105.6619049
192 38.8575312 105.6587116
193 38.8647574 105.6575859
194 38.8664598 105.7040864
195 38.8524107 105.61175
196 38.8573792 105.6051979
197 38.8477872 105.6399534
198 38.8468149 105.6460746
199 38.8472421 105.6434567
200 38.8481427 105.6376135
201 38.8525854 105.6370088
202 38.8525938 105.6368933
203 38.8527508 105.6473144
204 38.8452006 105.6395547
205 38.843861 105.6393417
206 38.8439438 105.638298
207 38.783646 105.526667
208 38.7779105 105.523737
209 38.7775641984579 105.530337503223
210 38.7799572 105.5298753
211 38.7799596 105.5298748
212 38.783764 105.5291306
213 38.7759571 105.5253701
214 38.7813331142578 105.543735047037
215 38.7796137 105.5368199
216 38.7748779 105.5308563
217 38.7737633 105.5258231
218 38.7757638001415 105.53693658397
219 38.7736588 105.5253948
220 38.7814313595617 105.536324380911
221 38.779652 105.5266988
222 38.7761897 105.517296
223 38.7774661 105.5202192
224 38.7731799 105.5230459
225 38.7625676 105.6083271
226 38.764906 105.6195504
227 38.7593764740361 105.599298627384
228 38.7592035 105.6160031
229 38.7606538 105.6209707
230 38.7579102 105.6103212
231 38.7570609 105.6161439
232 38.7599975 105.6094822
233 38.7927494 105.6029204
234 38.7851254964589 105.588676385674
235 38.7773535156314 105.584250497489
236 38.7639644 105.6740948
237 38.7435894485324 105.634463633254
238 38.7496283 105.5907287
239 38.7496394 105.5907484
240 38.7399998427246 105.602247389949
241 38.7412913559794 105.614241094444
242 38.742617467376 105.625768543058
243 38.7745014 105.53533
244 38.770961 105.5295634
245 38.7722414 105.5305111
246 38.7722109 105.5304566
247 38.7683926 105.523398
248 38.771949 105.5312824
249 38.7774813 105.5466117
250 38.7743249 105.5231157
251 38.7739039 105.5246335
252 38.7841527 105.529763
253 38.776166 105.5244146
254 38.7807453 105.5270107
255 38.7762257 105.5246151
256 38.7856515 105.525932
257 38.7930971 105.5312774
258 38.786117 105.5410295
259 38.7849489 105.5345364
260 38.8079019 105.6229501
261 38.7950943 105.5689282
262 38.8020817 105.5903578
263 38.8026246 105.5933546
264 38.8032321 105.596889
265 38.7891923 105.5507883
266 38.7788088 105.5456013
267 38.7998953 105.5915027
268 38.7829835 105.552885
269 38.7871034273347 105.568391296098
270 38.7850516022311 105.560097823079
271 38.7791639 105.6135442
272 38.7941119879667 105.629644724155
273 38.7853757 105.6092047
274 38.7902010110233 105.605249134915
275 38.7622316828007 105.561958097891
276 38.7528151 105.5623665
277 38.7052238 105.6024419
278 38.7084096 105.5845834
279 38.7152017 105.5642657
280 38.7306427 105.5634876
281 38.7055169 105.600445
282 38.7317373 105.5634343
283 38.7080725 105.5896099
284 38.726181 105.5636926
285 38.7652338 105.5649131
286 38.747073447208 105.56268983335
287 38.7353840337815 105.563264606308
288 38.7226194026024 105.563863835676
289 38.7389419675493 105.563087408111
290 38.7071897191597 105.613462967226
291 38.7705834036858 105.584518838191
292 38.7660768 105.575431
293 38.7327467 105.5633933
294 38.7652489 105.5512503
295 38.770781 105.548782
296 38.7637622 105.5535738
297 38.7773904 105.5467449
298 38.7716446 105.5486306
299 38.7946001 105.5372703
300 38.7631801 105.5551353
301 38.7605267 105.5751386
302 38.7574464 105.6080656
303 38.7536216683573 105.609447476024
304 38.7573863 105.6105168
305 38.754017 105.6117361
306 38.7546349 105.6115415
307 38.7568746 105.6056435
308 38.758200771926 105.637141579378
309 38.7544658 105.6145564
310 38.7593549245396 105.644111169765
311 38.7612447440712 105.65567131296
312 38.756085451525 105.624254499149
313 38.7776257 105.6146792
314 38.7632695 105.6204202
315 38.7816002 105.6112993
316 38.7876275142433 105.642531186665
317 38.7924959276728 105.652952051425
318 38.7693335242677 105.639177156352
319 38.7716431 105.6475339
320 38.7746461504587 105.65847128222
321 38.7837703608774 105.667178545465
322 38.7672666 105.6831332
323 38.7719132 105.6733558
324 38.7093504 105.6479426
325 38.7207017485679 105.654594378492
326 38.7438429 105.6698109
327 38.7558568 105.6748565
328 38.7891304259976 105.672763329677
329 38.7275361337625 105.659439899748
330 38.7353636 105.6650729
331 38.7575546 105.5978783
332 38.7533947100332 105.553814711046
333 38.7521625713061 105.574124930017
334 38.7661372 105.5527389
335 38.7774868 105.5221076
336 38.7675845761142 105.660777245525
337 38.7663215391773 105.603938710957
338 38.7908889 105.5169164
339 38.8195746 105.6378234
340 38.7890149 105.6110674
341 38.7991958483132 105.644416259223
342 38.8034757 105.5293651
343 38.8015941 105.5260084
344 38.7995906 105.5299788
345 38.8147553 105.5381994
346 38.8110703 105.5651393
347 38.8184356 105.5842528
348 38.813903667305 105.573929092409
349 38.8128429 105.5713106
350 38.8071954095646 105.55348455957
351 38.8167743 105.56291
352 38.8173177 105.5622022
353 38.8163113 105.5631355
354 38.8082793 105.5514075
355 38.8288687 105.5378943
356 38.8221616154779 105.568214789143
357 38.8256093178453 105.55351330412
358 38.8049361 105.56061
359 38.8089605 105.565853
360 38.8044048 105.5587368
361 38.8115411 105.5702868
362 38.8049287 105.5606662
363 38.8053545 105.5638743
364 38.80664 105.5723997
365 38.8009311 105.5615684
366 38.8128721 105.5428077
367 38.7968659 105.568706
368 38.8036605 105.5736006
369 38.8024446 105.5687772
370 38.7997301 105.5917893
371 38.8309592 105.6427893
372 38.8293931102426 105.642989278314
373 38.8223995 105.5395556
374 38.8300960508309 105.532656719214
375 38.8292457 105.6407065
376 38.8297318 105.6499966
377 38.8249099 105.7213331
378 38.8171193 105.6961357
379 38.816669 105.6702424
380 38.8163741198829 105.700852507174
381 38.8070016 105.5870044
382 38.809571 105.5974415
383 38.8174685 105.6154576
384 38.810695 105.6708554
385 38.8187661 105.6499228
386 38.8134511 105.6971646
387 38.810665 105.6708574
388 38.8094569 105.6877709
389 38.8266966 105.6688629
390 38.8261251 105.6760555
391 38.8265157 105.6821255
392 38.8279899 105.7013713
393 38.8158659 105.7069317
394 38.8216228 105.6956948
395 38.8220339 105.6993783
396 38.8006810507817 105.688032866184
397 38.8021836 105.6715791
398 38.8021644 105.672936
399 38.8005086 105.6823299
400 38.8062836 105.5112459
401 38.7944331 105.5221464
402 38.8111332 105.5027367
403 38.8000636 105.5166942
404 38.7915558 105.5238896
405 38.8011559 105.5220937
406 38.7981039 105.5068725
407 38.7965996 105.5076131
408 38.7909506 105.5090683
409 38.7900643 105.5043319
410 38.7985369 105.529177
411 38.7983988 105.5290587
412 38.7931699 105.5304326
413 38.8148725 105.5393726
414 38.7934506657724 105.53154056288
415 38.8039731 105.5737674
416 38.8173949 105.627834
417 38.8210796 105.6432051
418 38.8201221 105.6400651
419 38.7974836590969 105.548835596806
420 38.8248613 105.6588279
421 38.823345 105.6514013
422 38.8223144 105.6476029
423 38.822765 105.6694016
424 38.8170764 105.6701447
425 38.8227414740336 105.669404773815
426 38.8289584 105.7210158
427 38.8294349 105.6818615
428 38.8316614 105.6753569
429 38.8233957 105.6513743
430 38.822372 105.647577
431 38.8246443 105.6150673
432 38.824624 105.6160933
433 38.8273471 105.613477
434 38.8273217 105.6181943
435 38.8191328 105.6155089
436 38.8273095 105.620826
437 38.8316466 105.6815408
438 38.8331048 105.6750412
439 38.8165064 105.6480303
440 38.7110967121205 105.629187398432
441 38.718635603394 105.629824741394
442 38.7765867776332 105.640506971855
443 38.7631858423344 105.638231566264
444 38.7256354375287 105.631173272997
445 38.7344788151773 105.63279396368
446 38.8006253 105.6783219
447 38.797048895722 105.684901963945
448 38.8303972 105.6405082
449 38.8421033 105.6198525
450 38.8433114 105.6013308
451 38.8522531 105.6156896
452 38.8421388 105.6053077
453 38.8394159158431 105.586384291402
454 38.865125 105.6613425
455 38.8337505 105.6675222
456 38.8337044542093 105.537091182441
457 38.8183228735901 105.539142000397
458 38.8573679 105.6050258
459 38.8412962 105.5601443
460 38.8380718582538 105.543244860135
461 38.8558697812948 105.593310142985
462 38.8587725 105.6769447
463 38.8614167 105.7003026
464 38.8613596 105.7017642
465 38.8581559183507 105.672392779793
466 38.8598864795853 105.682851747199
467 38.8638307 105.6480309
468 38.8633973 105.6434358
469 38.8499839 105.6452624
470 38.8342886 105.6747132
471 38.8211835280822 105.643166602127
472 38.7096024 105.6568687
473 38.7034181 105.5900681
474 38.7034017 105.5888918
475 38.701102 105.5830081
476 38.7038823 105.59264
477 38.7037584 105.5912265
478 38.8247138 105.6991675
479 38.7050928 105.5887247
480 38.7485891 105.5812814
481 38.7145767 105.5453537
482 38.7147186 105.5525357
483 38.7049448 105.5828928
484 38.728916 105.5761982
485 38.7301469 105.5804309
486 38.7406236 105.5861888
487 38.7446242 105.5881223
488 38.7263136 105.5714539
489 38.7379976321914 105.584375412244
490 38.733093 105.582144
491 38.7266213 105.5805646
492 38.7412401 105.580336
493 38.7242838 105.5356535
494 38.7228988 105.5362726
495 38.729109 105.5389699
496 38.7271928 105.5423886
497 38.8367246 105.6793284
498 38.8619511 105.648334
499 38.7232526 105.5952468
500 38.7170797917521 105.600142862784
501 38.7373738463456 105.598385383095
502 38.7334909 105.5975079
503 38.7338147187024 105.57204660524
504 38.7382080828249 105.579614124889
505 38.7328391 105.5703635
506 38.7220385 105.5522169
507 38.7257394162161 105.552128867165
508 38.7166416775073 105.589965743601
509 38.7118849 105.6397313
510 38.7115967 105.6358716
511 38.75093 105.6104752
512 38.7504467 105.6082933
513 38.7514493 105.6127539
514 38.7516978882193 105.614478549496
515 38.7531371 105.6072535
516 38.7208345105605 105.656710531076
517 38.8346405 105.6787805
518 38.726741722195 105.588010440956
519 38.7264165 105.5749183
520 38.7319550773349 105.538657298939
521 38.7158642 105.5754876
522 38.7161157750377 105.581099319202
523 38.7460092489101 105.553832117626
524 38.7347944568458 105.552789018727
525 38.7393807376285 105.553177792916
526 38.7323283017208 105.552578752389
527 38.7753697111959 105.558197882096
528 38.7696824195696 105.561899682379
529 38.7479554593843 105.573996940265
530 38.7376310327566 105.592597714725
531 38.7333035352651 105.590885953136
532 38.7385210058521 105.572569949204
533 38.7228484321987 105.575211226898
534 38.7229595679094 105.580720492229
535 38.7175276699937 105.604076652055
536 38.7181330743532 105.613712671443
537 38.7197701104063 105.639768828622
538 38.7204748156696 105.649547112022
539 38.7371920741617 105.602475945714
540 38.7239507000673 105.60355380962
541 38.7336736886223 105.602762346563
542 38.7367385418292 105.614276746427
543 38.7245793445597 105.613859761694
544 38.7339769461422 105.614074001444
545 38.8278571517867 105.574213736298
546 38.8405777397358 105.571518025113
547 38.7821621953662 105.573154468578
548 38.7769684749749 105.578287257839
549 38.7788206440832 105.564965036171
550 38.7731179292918 105.569140857753
551 38.7346677072697 105.639839731775
552 38.7261616064557 105.639799248107
553 38.7349716256338 105.649464694491
554 38.7261254772833 105.649354804449
555 38.7437233071056 105.655042819036
556 38.7641843026845 105.645512267796
557 38.7665440467361 105.656131116028
558 38.7803178959002 105.656946615811
559 38.7864254687397 105.654818219215
560 38.7764800105601 105.64627239382
561 38.7771484357524 105.595087197909
562 38.7785642339847 105.593674050531
563 38.8321520163872 105.560615703998
564 38.7355924024385 105.670662904072
565 38.8315506 105.7207773
566 38.8392388 105.7260891
567 38.8374527 105.6892591
568 38.8710741 105.6806347
569 38.8710638 105.6771616
570 38.6759088 105.6614717
571 38.697232 105.6619163
572 38.6972653 105.661894
573 38.6970371 105.6061094
574 38.849057 105.7264169
575 38.8522952 105.726525
576 38.8545586 105.7266005
577 38.8468151 105.726342
578 38.8353338 105.7159428
579 38.8353362 105.7159424
580 38.8662379 105.7269904
581 38.8315998 105.7124786
582 38.8358173 105.7259749
583 38.8319043 105.6612232
584 38.8319225 105.6612169
585 38.8317276 105.690889
586 38.8116553 105.725086
587 38.8674592 105.6247797
588 38.8667692 105.7042218
589 38.7756262 105.5157681
590 38.7673626 105.5180456
591 38.7683645 105.5206466
592 38.78865641396838 105.51213422713151
593 38.7593217 105.5842195
594 38.7573776 105.6104806
595 38.783383 105.6840107
596 38.6742491 105.6355899
597 38.7766507 105.5157929
598 38.75757243917732 105.59788751095712
599 38.78286472601314 105.7270501674193
600 38.8251434 105.7256188
601 38.8214182 105.6934241
602 38.8154258 105.4957182
603 38.8048412 105.495498
604 38.8211385106014 105.64299010150167
605 38.7880378 105.4951485
606 38.8291986 105.7257541
607 38.82457293509089 105.61615495844785
608 38.8273733 105.609742
609 38.82854 105.7128077
610 38.8286977 105.7162421
611 38.831872196531755 105.69071019481343
612 38.7971549 105.7246859
613 38.67464292956519 105.62182827804983
614 38.8330172 105.618074
615 38.80949069905177 105.68777089442106
616 38.7882913 105.4951537
617 38.83186360043847 105.6679347058376
618 38.871114 105.6603872
619 38.8710952 105.6698919
620 38.8624319 105.7268633
621 38.8413919 105.726161
622 38.844266 105.7262569
623 38.8372175 105.6260006
624 38.7304161 105.7110513
625 38.7008851 105.5771586
626 38.7046524 105.572521
627 38.7504409 105.6082667
628 38.6789949 105.6127124
629 38.785125089818116 105.58866703293597
630 38.73868812104758 105.71684405700152
631 38.75294718857996 105.72499209559145
632 38.76322625587447 105.72475463990608
633 38.67180977663774 105.62919097654947
634 38.727724458280846 105.66542052723103
635 38.78810734012487 105.49486104340953
